24	100	0.24	010110100001110101111011110011101111011000101100010101011010110111101001011111010100110010010010011110010011100100000011011110111000010100010101001111010001001000100001000010100001110000100011111010011
24	100	0.24	010110100001110101111011110011101111011000101100010101011010110111101001011111010100110010010010011110010011100100000011011110111000010100010101001111010001001000100001000010100001110000100011111010011
24	100	0.24	010110100001110101111011110011101111011000101100010101011010110111101001011111010100110010010010011110010011100100000011011110111000010100010101001111010001001000100001000010100001110000100011111010011
24	100	0.24	010110100001110101111011110011101111011000101100010101011010110111101001011111010100110010010010011110010011100100000011011110111000010100010101001111010001001000100001000010100001110000100011111010011
24	100	0.24	010110100001110101111011110011101111011000101100010101011010110111101001011111010100110010010010011110010011100100000011011110111000010100010101001111010001001000100001000010100001110000100011111010011
24	100	0.24	010110100001110101111011110011101111011000101100010101011010110111101001011111010100110010010010011110010011100100000011011110111000010100010101001111010001001000100001000010100001110000100011111010011
24	100	0.24	010110100001110101111011110011101111011000101100010101011010110111101001011111010100110010010010011110010011100100000011011110111000010100010101001111010001001000100001000010100001110000100011111010011
24	100	0.24	010110100001110101111011110011101111011000101100010101011010110111101001011111010100110010010010011110010011100100000011011110111000010100010101001111010001001000100001000010100001110000100011111010011
24	100	0.24	010110100001110101111011110011101111011000101100010101011010110111101001011111010100110010010010011110010011100100000011011110111000010100010101001111010001001000100001000010100001110000100011111010011
24	100	0.24	010110100001110101111011110011101111011000101100010101011010110111101001011111010100110010010010011110010011100100000011011110111000010100010101001111010001001000100001000010100001110000100011111010011
24	100	0.24	010110100001110101111011110011101111011000101100010101011010110111101001011111010100110010010010011110010011100100000011011110111000010100010101001111010001001000100001000010100001110000100011111010011
24	100	0.24	010110100001110101111011110011101111011000101100010101011010110111101001011111010100110010010010011110010011100100000011011110111000010100010101001111010001001000100001000010100001110000100011111010011
24	100	0.24	010110100001110101111011110011101111011000101100010101011010110111101001011111010100110010010010011110010011100100000011011110111000010100010101001111010001001000100001000010100001110000100011111010011
24	100	0.24	010110100001110101111011110011101111011000101100010101011010110111101001011111010100110010010010011110010011100100000011011110111000010100010101001111010001001000100001000010100001110000100011111010011
24	100	0.24	010110100001110101111011110011101111011000101100010101011010110111101001011111010100110010010010011110010011100100000011011110111000010100010101001111010001001000100001000010100001110000100011111010011
24	100	0.24	010110100001110101111011110011101111011000101100010101011010110111101001011111010100110010010010011110010011100100000011011110111000010100010101001111010001001000100001000010100001110000100011111010011
24	100	0.24	010110100001110101111011110011101111011000101100010101011010110111101001011111010100110010010010011110010011100100000011011110111000010100010101001111010001001000100001000010100001110000100011111010011
24	100	0.24	010110100001110101111011110011101111011000101100010101011010110111101001011111010100110010010010011110010011100100000011011110111000010100010101001111010001001000100001000010100001110000100011111010011
24	100	0.24	010110100001110101111011110011101111011000101100010101011010110111101001011111010100110010010010011110010011100100000011011110111000010100010101001111010001001000100001000010100001110000100011111010011
